# Fill values as [x y], any spaces/tabs between the two values work

0 0
0 1
-1 1
-3 0
2 -1
3 -1
4 0
4 1
3 2
2 2
0 -3
1 -3
2 -5

20000050 20000053
20000052 20000053
20000053 20000053
20000053 20000054
20000053 20000050
20000054 20000050
20000055 20000048
20000055 20000055
20000055 20000052
20000056 20000052
20000056 20000055
20000057 20000054
20000057 20000053

20000050 -20000053
20000052 -20000053
20000053 -20000053
20000053 -20000054
20000053 -20000050
20000054 -20000050
20000055 -20000048
20000055 -20000055
20000055 -20000052
20000056 -20000052
20000056 -20000055
20000057 -20000054
20000057 -20000053

-20000050 -20000053
-20000052 -20000053
-20000053 -20000053
-20000053 -20000054
-20000053 -20000050
-20000054 -20000050
-20000055 -20000048
-20000055 -20000055
-20000055 -20000052
-20000056 -20000052
-20000056 -20000055
-20000057 -20000054
-20000057 -20000053

-20000050 20000053
-20000052 20000053
-20000053 20000053
-20000053 20000054
-20000053 20000050
-20000054 20000050
-20000055 20000048
-20000055 20000055
-20000055 20000052
-20000056 20000052
-20000056 20000055
-20000057 20000054
-20000057 20000053